R,Team,Left Side,Middle of the pitch,Right Side
1,Atalanta,40%,24%,36%
2,Inter,39%,27%,35%
3,Napoli,39%,29%,31%
4,Palermo FC,39%,26%,34%
5,Bologna,38%,27%,35%
6,Udinese,38%,25%,37%
7,Juventus,37%,27%,36%
8,Empoli,37%,32%,31%
9,Genoa,37%,27%,36%
10,Frosinone,37%,26%,37%
11,Carpi,37%,26%,37%
12,Verona,36%,27%,37%
13,Chievo,36%,28%,35%
14,AC Milan,36%,26%,38%
15,Sassuolo,35%,27%,38%
16,Lazio,34%,26%,40%
17,Fiorentina,34%,31%,35%
18,Sampdoria,34%,29%,37%
19,Roma,34%,27%,39%
20,Torino,33%,31%,35%
